
 NPM(K)    PM(M)      WS(M)     CPU(s)      Id  SI ProcessName
 ------    -----      -----     ------      --  -- -----------
     14   243,26     218,94       0,00    4196   0 svchost
    117    70,63     179,90       2,83    8600   9 PhoneExperienceHost
     56    77,44     151,14       2,45    8404   9 StartMenuExperienceHost
     53    64,34     136,36       2,34   15432   9 SearchHost
     28    27,54      54,13       0,17   13768   9 ShellHost
     30    33,55      53,54       0,33   17508   9 ApplicationFrameHost
     25     7,46      48,23       1,34    2140   9 sihost
     23    31,09      44,58       0,00   21404   0 svchost
     20     8,79      42,09       0,72   11072   9 svchost
     19     9,43      38,17       0,69    1972   9 svchost
     73    20,14      37,48       0,00   15676   0 svchost
     27    25,75      30,62       0,00    4752   0 svchost
     29    16,16      29,38       0,00    1756   0 svchost
     20    21,03      29,02       0,00    4856   0 svchost
     16     4,65      28,67       0,31    1784   9 svchost
     27    28,69      26,72       0,00    3168   0 svchost
     16     3,96      24,55       0,12   17696   9 svchost
     21     6,14      24,22       0,00    9176   0 svchost
     16    98,56      22,75       0,00    1072   0 svchost
     22    11,51      21,64       0,00   16680   0 svchost
     20    11,12      20,41       0,00    7524   0 svchost
     14     5,96      20,40       0,00    8524   0 svchost
     31     6,44      19,91       0,31    6896   9 taskhostw
     18    24,09      19,59       0,00   15728   0 svchost
     20    11,64      18,26       0,00    4864   0 svchost
     34    12,79      17,59       0,00    4460   0 svchost
     28     6,85      17,25       0,00    8932   0 svchost
     19     7,18      16,82       0,00    6960   0 svchost
     21    12,04      16,63       0,00    1940   0 svchost
     18    10,71      16,51       0,00   16692   9 fontdrvhost
     13     2,88      16,05       0,05    8420   9 svchost
     20     5,54      15,50       0,00    7496   0 svchost
      9     1,86      14,56       0,06    7436   9 svchost
     21     6,52      14,55       0,00    2664   0 svchost
     13     3,83      13,22       0,00    2856   0 svchost
     32     9,45      13,13       0,00    4760   0 svchost
     29     7,35      12,78       0,00    4220   0 svchost
     11     2,03      12,26       0,00    3340   0 svchost
     33     4,27      11,61       0,00    2084   0 svchost
     10     2,12      11,34       0,09    9252   9 svchost
     14     3,61      11,18       0,00    3532   0 svchost
     17     6,19      10,97       0,00    2552   0 svchost
     15     3,39      10,48       0,00   19488   0 svchost
     16     3,80      10,05       0,00    4332   0 svchost
      9     1,42      10,02       0,03   11804   9 conhost
     15     4,11       9,94       0,00    4068   0 svchost
     16     3,77       9,16       0,00   19804   0 svchost
     14     3,76       8,94       0,00    1992   0 svchost
     14     2,89       8,86       0,00    9296   0 svchost
     13     2,48       7,77       0,00    1692   0 svchost
      7     1,31       7,75       0,00    8620   9 svchost
      8     1,39       7,62       0,00   14232   0 svchost
     14     3,20       7,28       0,00    2316   0 svchost
     12     2,74       7,11       0,00    2568   0 svchost
      8     1,18       7,10       0,00   12924   9 conhost
     23     3,12       7,00       0,00    4808   0 svchost
     12     2,12       6,89       0,00    5764   0 svchost
     28     3,61       6,83       0,00    2056   0 svchost
     16     7,11       6,83       0,00   10420   0 svchost
     16     3,23       6,68       0,00    3236   0 svchost
     25     3,72       6,57       0,00   10824   0 svchost
     14     2,19       6,53       0,00    3804   0 svchost
     30     5,79       6,16       0,00    1588   0 svchost
     19     3,93       5,86       0,00    2304   0 svchost
     13     3,33       5,80       0,00   17344   0 svchost
     10     2,29       5,70       0,00    2324   0 svchost
     13     2,64       5,70       0,00    6880   0 svchost
     12     2,79       5,44       0,00    6628   0 svchost
     11     2,15       5,29       0,00    3552   0 svchost
     14     3,31       5,13       0,00   12484   0 svchost
     10     2,08       5,05       0,00   19752   0 svchost
     11     2,11       4,88       0,00    3680   0 svchost
     20     3,01       4,86       0,00   19928   0 svchost
      9     1,83       4,78       0,00    3968   0 svchost
     32     2,36       4,72       0,00    1988   0 svchost
     13     3,02       4,72       0,00    2508   0 svchost
     12     2,85       4,67       0,00    2456   0 svchost
     12     2,55       4,60       0,00    2844   0 svchost
     13     2,61       4,57       0,00    5220   0 svchost
     10     1,59       4,36       0,00   20556   0 svchost
     11     2,02       4,19       0,00    3424   0 svchost
     12     2,41       4,16       0,00    3884   0 svchost
     11     1,97       3,80       0,00    3020   0 svchost
     11     2,28       3,77       0,00    4880   0 svchost
    236     2,52       3,72       0,00   15076   0 svchost
     10     1,90       3,13       0,00    3964   0 svchost
     11     1,99       3,09       0,00    4516   0 svchost
      9     2,14       3,06       0,00    7368   0 AggregatorHost
      8     1,55       3,05       0,00    7692   0 svchost
      8     1,70       2,39       0,00    2872   0 svchost
     10     1,67       2,33       0,00    4872   0 svchost
      9     1,56       2,06       0,00    1788   0 WUDFHost
      8     1,48       2,00       0,00    3528   0 svchost
      9     1,87       1,98       0,00    6584   0 svchost
     42     1,77       1,80       0,00   18684   0 svchost
     11     1,71       1,55       0,00    5976   0 conhost
     10     1,20       1,22       0,00    1684   0 svchost
      8     1,96       0,99       0,00    1804   0 fontdrvhost

