
 NPM(K)    PM(M)      WS(M)     CPU(s)      Id  SI ProcessName
 ------    -----      -----     ------      --  -- -----------
    142   263,23     357,43     396,45   16932   3 browser
     84   860,23     502,26     297,75   11824   3 browser
    129   383,63     342,86     200,00   14416   3 browser
    198   392,64     384,54     168,11   16116   3 explorer
     32   176,98     195,52      54,33    7804   3 browser
     44    25,48      58,01      46,30   11552   3 browser
     36    91,88     150,71      44,80    5692   3 browser
     53   196,95     217,75      25,92   10120   3 browser
     34    94,61     167,12      25,48   18220   3 browser
   1705    79,53      44,18      17,53    8304   3 HnTrustCircleService

